10,164
10,168
10,310
10,144
10,176
10,222
10,290
10,260
11,16
11,24
11,28
11,10
11,14
11,6
11,12
9,4
9,6
8,4
8,15
110,4
110,3
110,2
110,1
110,0
108,3
108,2
108,1
108,0
107,5
107,4
107,3
107,2
107,1
107,0
106,3
106,2
106,1
106,0
105,4
105,3
105,2
105,1
105,0
104,4
104,3
104,2
104,1
104,0
103,3
103,2
103,1
103,0
102,4
102,3
102,2
102,1
102,0
101,3
101,2
101,1
101,0
100,3
100,2
100,1
100,0
99,3
99,2
99,1
99,0
20,3
20,2
20,1
19,3
19,2
19,1
18,3
18,1
12,3
12,2
12,1
11,25
11,23
11,19
11,17
11,7
11,3
11,2
11,1
10,301
10,297
10,289
10,149
10,139
10,87
10,73
10,19
10,3
10,2
10,1
9,7
9,5
9,3
9,2
9,1
8,17
8,13
8,11
8,10
8,9
8,7
8,3
8,2
8,1
3,3
3,2
